150
30.75
87.79
0.0787
0.0128
0.3477
0.954
C
0.0
0.0
83.1
27.51
0.0126
0.0418
0.3164
1.5483
P
0.0
0.0
75.67
41.31
0.0822
0.0296
0.1511
0.7031
P
0.0
0.0
22.04
63.31
0.0945
0.0191
0.2083
0.902
P
0.0
0.0
62.21
81.1
0.0945
0.0276
0.2729
1.386
C
0.0
0.0
96.18
94.12
0.0475
0.0458
0.5611
0.29
C
0.0
0.0
29.67
46.62
0.0749
0.0356
0.5682
0.902
P
0.0
0.0
44.27
67.01
0.0894
0.0423
0.3526
1.2191
P
0.0
0.0
58.42
79.5
0.0464
0.0332
0.2836
1.7772
C
0.0
0.0
26.92
73.1
0.0197
0.0082
0.52
0.804
P
0.0
0.0
57.55
44.68
0.0863
0.0307
0.3891
1.3296
P
0.0
0.0
60.18
98.57
0.0793
0.027
0.5301
0.5411
C
0.0
0.0
96.2
66.22
0.0513
0.0135
0.374
1.9185
P
0.0
0.0
50.7
88.56
0.0959
0.0469
0.3562
0.3456
P
0.0
0.0
54.09
24.49
0.0883
0.0285
0.1999
1.059
C
0.0
0.0
85.07
53.15
0.0101
0.027
0.4932
0.7292
P
0.0
0.0
84.37
70.83
0.0596
0.009
0.1458
1.147
C
0.0
0.0
22.6
95.49
0.0163
0.0434
0.3265
1.5329
C
0.0
0.0
39.96
28.76
0.0662
0.0172
0.1348
0.4033
P
0.0
0.0
72.53
71.86
0.0365
0.0351
0.3482
0.317
C
0.0
0.0
50.92
53.67
0.0269
0.0054
0.5499
1.0692
P
0.0
0.0
97.25
54.53
0.0978
0.0113
0.2987
0.1671
P
0.0
0.0
55.65
60.5
0.0484
0.0416
0.5885
1.2985
C
0.0
0.0
37.86
71.88
0.0455
0.0288
0.2606
1.2988
P
0.0
0.0
79.0
30.05
0.0291
0.0024
0.1354
0.2452
C
0.0
0.0
79.51
53.29
0.0327
0.0004
0.5394
0.172
P
0.0
0.0
96.98
65.62
0.0254
0.0434
0.5869
1.4376
P
0.0
0.0
50.24
47.75
0.0285
0.0337
0.3165
0.4688
P
0.0
0.0
95.04
51.2
0.0554
0.0009
0.4061
0.8644
C
0.0
0.0
21.45
36.07
0.0395
0.0494
0.4914
0.7443
P
0.0
0.0
41.32
27.71
0.0441
0.0274
0.5572
1.6916
C
0.0
0.0
81.44
62.6
0.0159
0.002
0.1665
0.4164
P
0.0
0.0
41.44
46.58
0.0555
0.0128
0.2694
0.3164
P
0.0
0.0
89.39
68.32
0.0959
0.0444
0.1677
1.1472
P
0.0
0.0
45.66
52.53
0.0442
0.0496
0.1737
0.3375
P
0.0
0.0
69.21
82.55
0.044
0.0285
0.2119
0.2553
C
0.0
0.0
49.19
43.64
0.0581
0.0057
0.5484
0.3047
P
0.0
0.0
86.22
20.99
0.0703
0.0046
0.1576
1.7816
P
0.0
0.0
35.03
82.84
0.0628
0.0081
0.3255
1.3937
P
0.0
0.0
79.52
28.23
0.092
0.0189
0.5851
1.8275
C
0.0
0.0
64.02
76.93
0.0383
0.0104
0.2587
0.1518
C
0.0
0.0
78.12
45.62
0.0452
0.0199
0.1321
0.703
C
0.0
0.0
28.91
37.22
0.0656
0.049
0.3715
1.4076
C
0.0
0.0
40.73
63.33
0.0377
0.0123
0.1407
0.6335
C
0.0
0.0
27.24
65.95
0.0405
0.0114
0.5833
0.178
P
0.0
0.0
45.34
87.77
0.0904
0.0151
0.2672
1.134
P
0.0
0.0
39.61
21.63
0.0319
0.0036
0.3756
0.2347
P
0.0
0.0
21.72
20.79
0.0776
0.018
0.3344
1.7323
P
0.0
0.0
60.11
83.6
0.0169
0.0475
0.1866
1.5748
P
0.0
0.0
85.72
45.58
0.0196
0.0257
0.5597
0.6576
P
0.0
0.0
31.33
92.84
0.0129
0.0158
0.5515
1.6273
P
0.0
0.0
34.25
54.61
0.0242
0.0357
0.4339
0.5799
P
0.0
0.0
74.57
55.74
0.0487
0.0125
0.3197
1.1223
P
0.0
0.0
51.66
47.09
0.0332
0.0012
0.4232
0.8917
P
0.0
0.0
24.99
48.4
0.0224
0.0063
0.2296
1.675
C
0.0
0.0
65.13
33.77
0.018
0.0243
0.1888
0.7028
C
0.0
0.0
94.41
71.13
0.0303
0.0156
0.4435
1.9174
C
0.0
0.0
46.96
68.9
0.0755
0.0327
0.5862
0.517
P
0.0
0.0
81.06
71.62
0.0432
0.0256
0.4962
0.4873
C
0.0
0.0
75.4
87.92
0.0434
0.0351
0.4682
1.2297
P
0.0
0.0
91.73
96.81
0.0614
0.0088
0.2253
0.5135
P
0.0
0.0
59.6
51.49
0.0673
0.0192
0.5227
1.134
P
0.0
0.0
61.93
27.23
0.033
0.0051
0.4685
0.2591
P
0.0
0.0
97.54
69.35
0.097
0.0343
0.141
1.7168
P
0.0
0.0
97.7
50.59
0.0822
0.0216
0.1824
0.7184
P
0.0
0.0
69.79
59.04
0.0291
0.0216
0.367
1.8277
C
0.0
0.0
42.21
50.31
0.0603
0.048
0.3642
1.2003
P
0.0
0.0
70.2
68.45
0.0852
0.0103
0.2424
1.1304
C
0.0
0.0
44.89
80.59
0.0849
0.0223
0.5306
1.7247
P
0.0
0.0
63.63
59.26
0.087
0.0385
0.3853
0.8282
C
0.0
0.0
84.84
92.32
0.0122
0.0285
0.1066
0.6632
P
0.0
0.0
26.01
49.9
0.0825
0.0219
0.4386
1.5414
C
0.0
0.0
20.07
55.39
0.0505
0.0152
0.2997
1.5879
C
0.0
0.0
29.05
93.42
0.0444
0.0278
0.5974
1.3075
P
0.0
0.0
98.96
56.93
0.0851
0.0204
0.4723
1.9764
C
0.0
0.0
76.23
55.95
0.0702
0.0099
0.3631
1.3892
C
0.0
0.0
97.63
46.88
0.0659
0.0487
0.4498
1.9382
P
0.0
0.0
59.42
79.66
0.0676
0.0324
0.4148
0.8733
P
0.0
0.0
70.7
94.97
0.0804
0.0423
0.4837
1.6491
P
0.0
0.0
47.96
41.17
0.0737
0.0437
0.3721
0.3889
C
0.0
0.0
58.76
57.37
0.0141
0.0255
0.4724
0.9029
C
0.0
0.0
25.36
55.4
0.0248
0.0355
0.1808
0.2768
C
0.0
0.0
68.4
36.71
0.0287
0.0443
0.2345
0.2423
C
0.0
0.0
57.43
64.61
0.0145
0.0148
0.4675
1.9931
C
0.0
0.0
48.47
79.19
0.0453
0.02
0.3418
0.5931
C
0.0
0.0
77.28
40.7
0.0649
0.0122
0.4304
1.7184
C
0.0
0.0
45.32
54.54
0.0785
0.0393
0.195
1.2892
P
0.0
0.0
89.68
66.33
0.0623
0.0466
0.1741
1.8964
C
0.0
0.0
62.13
31.09
0.0224
0.0358
0.2805
1.5276
P
0.0
0.0
29.27
36.5
0.0713
0.0034
0.2138
0.7106
P
0.0
0.0
96.43
23.6
0.0829
0.0012
0.4762
1.3983
C
0.0
0.0
76.31
85.19
0.0968
0.0307
0.2712
1.692
P
0.0
0.0
69.06
33.82
0.03
0.0117
0.3249
1.5262
P
0.0
0.0
38.86
42.69
0.0592
0.0195
0.3258
0.59
C
0.0
0.0
67.49
92.76
0.0995
0.0023
0.4987
1.7294
C
0.0
0.0
91.11
87.83
0.0358
0.0098
0.18
1.666
P
0.0
0.0
83.5
22.44
0.0449
0.0438
0.3713
1.173
C
0.0
0.0
30.4
57.03
0.0856
0.0453
0.1177
0.2156
P
0.0
0.0
23.43
41.89
0.0206
0.0046
0.1138
1.3113
C
0.0
0.0
74.94
87.65
0.0697
0.0195
0.4155
1.9422
P
0.0
0.0
39.63
67.03
0.0809
0.0088
0.3142
1.4263
P
0.0
0.0
92.4
63.75
0.0584
0.0356
0.3682
1.8478
P
0.0
0.0
77.08
79.46
0.0749
0.0376
0.2258
1.9552
P
0.0
0.0
24.7
36.27
0.0485
0.0022
0.4186
1.8335
C
0.0
0.0
60.09
27.94
0.0381
0.0063
0.1166
1.3621
C
0.0
0.0
81.07
91.9
0.0501
0.0368
0.235
0.575
C
0.0
0.0
26.86
22.74
0.0446
0.0366
0.2566
0.347
C
0.0
0.0
84.55
88.47
0.0373
0.0212
0.2227
1.1586
C
0.0
0.0
93.84
60.75
0.0452
0.0448
0.3406
0.3465
C
0.0
0.0
61.9
64.69
0.086
0.0291
0.36
0.1575
C
0.0
0.0
79.45
36.0
0.045
0.0162
0.3048
0.3401
P
0.0
0.0
23.49
85.2
0.0686
0.0157
0.2492
0.77
C
0.0
0.0
79.9
61.61
0.0108
0.0061
0.2586
1.4809
C
0.0
0.0
65.85
56.15
0.0352
0.0227
0.2821
1.5091
C
0.0
0.0
85.25
94.04
0.093
0.0401
0.1673
1.0951
C
0.0
0.0
82.72
76.23
0.0772
0.0181
0.5712
1.3227
C
0.0
0.0
44.59
67.86
0.0406
0.0254
0.1145
0.5752
P
0.0
0.0
65.02
92.54
0.0266
0.0206
0.464
0.1952
P
0.0
0.0
98.29
74.51
0.0743
0.0102
0.1334
1.1853
P
0.0
0.0
88.41
83.54
0.0296
0.0419
0.3557
0.921
C
0.0
0.0
92.0
58.93
0.0827
0.011
0.2002
1.0379
P
0.0
0.0
54.04
74.05
0.059
0.0472
0.4991
1.4791
C
0.0
0.0
52.58
20.66
0.0579
0.019
0.538
0.2452
C
0.0
0.0
23.21
88.09
0.0513
0.0095
0.2497
1.4135
P
0.0
0.0
63.26
85.75
0.0561
0.0497
0.2578
1.5755
C
0.0
0.0
62.05
63.36
0.0837
0.0477
0.3042
1.2969
C
0.0
0.0
56.2
30.48
0.05
0.007
0.4863
1.9516
C
0.0
0.0
70.93
99.56
0.0763
0.0283
0.2842
0.8641
P
0.0
0.0
91.9
94.01
0.0862
0.0192
0.3322
1.6122
C
0.0
0.0
70.87
88.18
0.0792
0.0194
0.5018
1.0191
P
0.0
0.0
53.22
21.45
0.0255
0.013
0.5289
1.2202
C
0.0
0.0
95.97
53.03
0.0945
0.0144
0.3104
0.62
C
0.0
0.0
82.16
58.86
0.0744
0.0246
0.5857
1.4607
P
0.0
0.0
25.16
36.49
0.0235
0.0365
0.1516
0.3959
P
0.0
0.0
51.93
77.88
0.0851
0.0045
0.4059
1.992
P
0.0
0.0
62.76
47.74
0.0951
0.0485
0.1516
1.1504
C
0.0
0.0
86.79
79.29
0.0996
0.0342
0.1895
1.6297
P
0.0
0.0
82.91
74.14
0.0178
0.0195
0.4344
0.6591
C
0.0
0.0
92.41
29.29
0.0868
0.0053
0.2932
1.8202
P
0.0
0.0
33.37
40.61
0.0769
0.0468
0.3684
1.751
P
0.0
0.0
83.1
69.88
0.0875
0.0051
0.4789
1.4856
C
0.0
0.0
94.07
97.49
0.0341
0.027
0.3201
1.5437
P
0.0
0.0
38.28
41.97
0.0736
0.0206
0.1651
0.4711
P
0.0
0.0
62.62
68.72
0.0234
0.0207
0.2399
1.4213
C
0.0
0.0
59.31
59.9
0.0639
0.0121
0.1881
1.5419
C
0.0
0.0
62.78
24.65
0.0393
0.0345
0.4225
1.6427
P
0.0
0.0
45.23
59.5
0.0397
0.0064
0.1701
0.5873
P
0.0
0.0
70.82
86.32
0.0145
0.0086
0.1581
1.1702
C
0.0
0.0
53.78
20.34
0.0118
0.0153
0.4077
0.2607
P
0.0
0.0
42.41
70.05
0.0875
0.0135
0.4594
0.8206
P
0.0
0.0
